400.210000 9.784404
402.650000 8.423635
405.090000 8.341338
407.530000 8.610648
409.970000 11.328014
412.420000 11.428767
414.860000 9.598261
417.310000 9.156155
419.760000 9.454789
422.210000 10.683682
424.660000 11.294231
427.110000 13.220568
429.560000 14.860390
432.010000 16.708467
434.460000 19.179496
436.920000 22.840690
439.380000 27.427533
441.830000 36.251908
444.290000 48.084179
446.750000 63.314533
449.210000 82.761485
451.670000 109.944706
454.130000 147.534698
456.590000 196.516270
459.060000 270.379337
461.520000 361.829743
463.990000 489.044724
466.460000 662.779097
468.930000 895.657005
471.390000 1199.381761
473.870000 1594.565776
476.340000 2102.533427
478.810000 2757.794600
481.280000 3598.855254
483.760000 4638.180388
486.230000 5909.556289
488.710000 7413.933693
491.190000 9115.107582
493.660000 10916.714002
496.140000 12707.781426
498.630000 14277.363164
501.110000 15390.445055
503.590000 15953.326890
506.070000 15837.222643
508.560000 15040.060080
511.040000 13783.135919
513.530000 12265.870510
516.020000 10702.688676
518.510000 9248.806769
521.000000 7949.385755
523.490000 6828.337399
525.980000 5845.652680
528.470000 4987.858121
530.970000 4205.492019
533.460000 3516.052502
535.960000 2930.013129
538.460000 2447.781423
540.950000 2049.523036
543.450000 1704.675011
545.950000 1440.384446
548.460000 1213.695044
550.960000 1029.381446
553.460000 863.790509
555.970000 732.565598
558.470000 625.265613
560.980000 544.190887
563.490000 472.505966
565.990000 413.473732
568.500000 378.278586
571.010000 344.988084
573.530000 317.978691
576.040000 294.181305
578.550000 281.204530
581.070000 282.202965
583.580000 280.995448
586.100000 284.180867
588.620000 297.153428
591.140000 321.698593
593.660000 354.352599
596.180000 398.863865
598.700000 466.548265
601.220000 546.352547
603.750000 666.827985
606.270000 806.049536
608.800000 994.868899
611.330000 1240.904399
613.860000 1552.542815
616.380000 1964.021942
618.920000 2486.315972
621.450000 3168.407002
623.980000 4005.802191
626.510000 4970.155196
629.050000 6082.679573
631.580000 7358.230151
634.120000 8722.182949
636.660000 9678.411516
639.200000 9362.919415
641.740000 7453.395481
644.280000 4995.428265
646.820000 3124.077372
649.360000 1963.807669
651.900000 1265.019401
654.450000 826.662320
657.000000 540.809755
659.540000 369.829554
662.090000 267.793202
664.640000 199.949589
667.190000 156.961022
669.740000 124.461654
672.290000 101.512400
674.850000 88.438096
677.400000 74.469770
679.960000 65.121903
682.510000 58.235321
685.070000 50.919561
687.630000 45.054705
690.190000 45.563357
692.750000 40.323210
695.310000 38.264497
697.870000 35.205886
