400.210000 188.102324
402.650000 275.948070
405.090000 426.619054
407.530000 663.743752
409.970000 1054.753115
412.420000 1678.055120
414.860000 2634.576582
417.310000 4069.698204
419.760000 6089.382223
422.210000 8838.694573
424.660000 12119.893265
427.110000 15219.012973
429.560000 17155.121748
432.010000 17576.834237
434.460000 17578.257778
436.920000 18549.832062
439.380000 20918.911586
441.830000 24172.040923
444.290000 26739.675237
446.750000 26924.742804
449.210000 23988.836132
451.670000 19271.392989
454.130000 14713.205181
456.590000 11411.514492
459.060000 9263.175413
461.520000 7759.775712
463.990000 6489.765218
466.460000 5340.313985
468.930000 4378.856361
471.390000 3614.726359
473.870000 3019.032669
476.340000 2541.024296
478.810000 2130.194554
481.280000 1758.656558
483.760000 1424.408152
486.230000 1154.283554
488.710000 925.513673
491.190000 749.545225
493.660000 613.160724
496.140000 509.975750
498.630000 420.720643
501.110000 352.856287
503.590000 299.327991
506.070000 257.930282
508.560000 225.084581
511.040000 203.227873
513.530000 184.912001
516.020000 173.266124
518.510000 164.250782
521.000000 157.216987
523.490000 156.053371
525.980000 158.634617
528.470000 160.084207
530.970000 170.297537
533.460000 181.238911
535.960000 197.205413
538.460000 214.993138
540.950000 239.870523
543.450000 270.379059
545.950000 302.667304
548.460000 342.416138
550.960000 395.963351
553.460000 444.795898
555.970000 506.196770
558.470000 568.117682
560.980000 635.029036
563.490000 704.940129
565.990000 763.990509
568.500000 838.129526
571.010000 905.790000
573.530000 967.179763
576.040000 1026.109270
578.550000 1072.595659
581.070000 1115.284513
583.580000 1153.266350
586.100000 1179.448437
588.620000 1200.261696
591.140000 1213.554267
593.660000 1216.680941
596.180000 1216.900431
598.700000 1207.687731
601.220000 1195.978148
603.750000 1174.942951
606.270000 1150.390493
608.800000 1123.795679
611.330000 1090.777034
613.860000 1057.697717
616.380000 1016.609602
618.920000 980.574285
621.450000 942.385513
623.980000 900.683648
626.510000 861.457260
629.050000 817.428596
631.580000 778.436442
634.120000 741.104916
636.660000 699.468983
639.200000 662.078641
641.740000 624.589259
644.280000 586.823633
646.820000 552.622702
649.360000 521.348883
651.900000 490.896522
654.450000 460.100483
657.000000 432.937828
659.540000 404.979538
662.090000 377.252849
664.640000 351.852270
667.190000 329.927546
669.740000 307.506004
672.290000 285.315002
674.850000 264.832751
677.400000 248.396926
679.960000 231.562115
682.510000 214.196833
685.070000 197.793994
687.630000 184.612119
690.190000 173.606394
692.750000 162.106415
695.310000 149.724683
697.870000 139.107448
