400.210000 380.870500
402.650000 581.209711
405.090000 928.612742
407.530000 1498.149355
409.970000 2423.907982
412.420000 3917.857985
414.860000 6171.323845
417.310000 9528.089025
419.760000 14166.088292
422.210000 20272.214163
424.660000 27010.067183
427.110000 32156.170654
429.560000 32838.723062
432.010000 28138.175724
434.460000 21005.317968
436.920000 14998.841279
439.380000 10974.862254
441.830000 8240.017673
444.290000 6157.294033
446.750000 4457.949165
449.210000 3174.612029
451.670000 2291.372361
454.130000 1713.809283
456.590000 1292.631697
459.060000 990.470630
461.520000 735.916309
463.990000 556.325492
466.460000 425.464886
468.930000 336.180647
471.390000 277.998647
473.870000 237.742777
476.340000 212.135997
478.810000 208.674154
481.280000 216.248093
483.760000 243.788857
486.230000 287.369433
488.710000 351.799423
491.190000 444.116354
493.660000 570.321500
496.140000 725.677086
498.630000 915.451653
501.110000 1143.085982
503.590000 1402.761261
506.070000 1688.238638
508.560000 1990.414454
511.040000 2298.354518
513.530000 2591.757758
516.020000 2851.994103
518.510000 3062.932617
521.000000 3204.295391
523.490000 3273.789765
525.980000 3281.459741
528.470000 3231.907919
530.970000 3133.991054
533.460000 3014.751645
535.960000 2879.557929
538.460000 2749.530021
540.950000 2625.335549
543.450000 2508.305300
545.950000 2403.121824
548.460000 2306.221897
550.960000 2226.861927
553.460000 2137.748372
555.970000 2066.663286
558.470000 1995.877213
560.980000 1931.911566
563.490000 1881.525394
565.990000 1808.431669
568.500000 1781.648543
571.010000 1732.649728
573.530000 1687.940932
576.040000 1648.793401
578.550000 1603.096701
581.070000 1564.130257
583.580000 1527.461306
586.100000 1480.668499
588.620000 1437.728083
591.140000 1395.858528
593.660000 1352.611317
596.180000 1306.037385
598.700000 1263.459556
601.220000 1214.822100
603.750000 1172.269825
606.270000 1127.046812
608.800000 1084.102505
611.330000 1040.017553
613.860000 995.902266
616.380000 949.392883
618.920000 907.676574
621.450000 864.826277
623.980000 825.624262
626.510000 786.253748
629.050000 743.982541
631.580000 710.939604
634.120000 677.065290
636.660000 641.791993
639.200000 606.979338
641.740000 575.330525
644.280000 539.968233
646.820000 510.894487
649.360000 486.972677
651.900000 460.931243
654.450000 434.771246
657.000000 411.506338
659.540000 392.882052
662.090000 365.727147
664.640000 342.437940
667.190000 326.305010
669.740000 308.338971
672.290000 288.342873
674.850000 270.861904
677.400000 257.407015
679.960000 240.228343
682.510000 229.654894
685.070000 214.173929
687.630000 203.553307
690.190000 191.984861
692.750000 182.009418
695.310000 171.887972
697.870000 161.946786
