400.210000 9.711774
402.650000 8.420455
405.090000 8.119386
407.530000 8.486248
409.970000 11.204364
412.420000 11.196864
414.860000 9.416865
417.310000 9.052666
419.760000 9.209234
422.210000 10.504523
424.660000 10.925435
427.110000 12.979856
429.560000 14.478352
432.010000 16.276177
434.460000 18.574535
436.920000 22.107935
439.380000 26.630310
441.830000 35.124629
444.290000 46.494796
446.750000 61.201837
449.210000 79.779685
451.670000 105.850546
454.130000 141.706645
456.590000 188.617665
459.060000 259.335227
461.520000 346.715335
463.990000 468.383722
466.460000 634.888366
468.930000 857.580029
471.390000 1148.454316
473.870000 1526.766153
476.340000 2012.989462
478.810000 2640.381709
481.280000 3445.413676
483.760000 4440.358841
486.230000 5657.380447
488.710000 7097.516137
491.190000 8726.043433
493.660000 10450.631119
496.140000 12165.214063
498.630000 13667.714156
501.110000 14733.343018
503.590000 15272.141651
506.070000 15161.043036
508.560000 14397.910164
511.040000 13194.740859
513.530000 11742.105221
516.020000 10245.844719
518.510000 8854.177511
521.000000 7610.133329
523.490000 6536.933822
525.980000 5596.235017
528.470000 4775.275858
530.970000 4026.215417
533.460000 3366.271418
535.960000 2805.205461
538.460000 2343.648412
540.950000 1962.319288
543.450000 1632.268701
545.950000 1379.313496
548.460000 1162.284971
550.960000 985.930313
553.460000 827.395612
555.970000 701.788360
558.470000 599.265125
560.980000 521.731266
563.490000 453.266671
565.990000 397.022593
568.500000 363.520078
571.010000 332.161872
573.530000 306.789144
576.040000 284.619862
578.550000 273.021741
581.070000 275.228175
583.580000 275.649102
586.100000 281.078648
588.620000 296.094490
591.140000 323.368307
593.660000 359.656818
596.180000 408.643367
598.700000 482.175581
601.220000 569.408973
603.750000 699.673559
606.270000 851.282602
608.800000 1056.004040
611.330000 1322.066247
613.860000 1659.708836
616.380000 2104.366294
618.920000 2669.589713
621.450000 3406.233360
623.980000 4311.245319
626.510000 5353.806671
629.050000 6555.453615
631.580000 7933.443414
634.120000 9407.121646
636.660000 10440.320440
639.200000 10100.120872
641.740000 8038.818372
644.280000 5384.952978
646.820000 3364.898833
649.360000 2112.168289
651.900000 1357.941966
654.450000 885.232925
657.000000 577.035652
659.540000 393.113912
662.090000 283.072105
664.640000 210.053951
667.190000 163.833768
669.740000 129.283328
672.290000 104.862547
674.850000 90.744880
677.400000 76.024015
679.960000 66.309014
682.510000 59.100378
685.070000 51.610464
687.630000 45.556672
690.190000 46.043294
692.750000 40.574771
695.310000 38.496765
697.870000 35.311202
