198.056508	9.528175
198.818765	20.350796
199.580988	1.905323
200.343178	5.533312
201.105336	1.787148
201.867460	15.577782
202.629552	19.573253
203.391611	23.329177
204.153637	10.537384
204.915629	2.048533
205.677589	10.962853
206.439516	10.195355
207.201410	17.043577
207.963271	7.853827
208.725099	7.668629
209.486893	12.334708
210.248655	8.172056
211.010384	12.597471
211.772079	1.639706
212.533741	8.401926
213.295371	3.123806
214.056967	7.620594
214.818529	7.805742
215.580059	3.987751
216.341555	3.181815
217.103019	4.481594
217.864449	7.061216
218.625845	12.469111
219.387209	5.446630
220.148539	14.714497
220.909836	13.777407
221.671099	7.789233
222.432329	5.864764
223.193526	11.195453
223.954690	2.247385
224.715820	4.945396
225.476916	12.886502
226.237979	8.386870
226.999009	4.089122
227.760006	9.707361
228.520968	0.484334
229.281898	8.003566
230.042793	10.975152
230.803656	6.439024
231.564484	3.235026
232.325280	2.096084
233.086041	4.079404
233.846769	6.362819
234.607464	7.769448
235.368124	2.852925
236.128752	7.095641
236.889345	4.961112
237.649905	4.167457
238.410431	6.444763
239.170923	2.125615
239.931382	6.491150
240.691807	6.261660
241.452198	4.831977
242.212556	6.167322
242.972879	3.743852
243.733169	2.706979
244.493425	2.524584
245.253647	4.356300
246.013835	5.174576
246.773990	5.158543
247.534110	5.311661
248.294197	5.136368
249.054250	7.447190
249.814268	4.630766
250.574253	4.630567
251.334204	2.316289
252.094121	5.464424
252.854004	5.969444
253.613853	8.472360
254.373667	6.660140
255.133448	8.181040
255.893195	6.699496
256.652907	7.394658
257.412586	7.424406
258.172230	8.982361
258.931840	5.108808
259.691416	2.568326
260.450958	1.722530
261.210466	5.893036
261.969939	7.677129
262.729378	5.447019
263.488783	4.601085
264.248154	10.695090
265.007490	7.003604
265.766793	3.799013
266.526061	5.466930
267.285294	4.772344
268.044493	4.805775
268.803658	9.117974
269.562789	7.492192
270.321885	13.946573
271.080946	11.752664
271.839974	7.813477
272.598966	8.425142
273.357925	8.648892
274.116849	10.020291
274.875738	8.104942
275.634593	8.300122
276.393413	11.956557
277.152199	4.235759
277.910951	7.877621
278.669667	7.857502
279.428350	7.452650
280.186997	6.859141
280.945610	5.318314
281.704188	4.165383
282.462732	5.662866
283.221241	13.176821
283.979715	3.942700
284.738155	10.674772
285.496559	9.151779
286.254930	8.937437
287.013265	10.017308
287.771566	11.452578
288.529831	9.376891
289.288062	8.967490
290.046259	6.741870
290.804420	9.622076
291.562546	7.781048
292.320638	9.022125
293.078695	7.559265
293.836717	9.336122
294.594703	9.492385
295.352655	7.860116
296.110572	9.442406
296.868455	7.107160
297.626302	6.557059
298.384114	8.840095
299.141891	10.056692
299.899633	7.573104
300.657340	6.507146
301.415012	10.717200
302.172648	7.550288
302.930250	9.129052
303.687817	12.994592
304.445348	9.840527
305.202844	9.675375
305.960306	7.399316
306.717732	8.825345
307.475122	10.437460
308.232478	10.284896
308.989798	7.107636
309.747083	6.406830
310.504333	10.511334
311.261548	9.983641
312.018727	11.234538
312.775871	9.458126
313.532979	8.934600
314.290052	7.339599
315.047090	5.561465
315.804093	5.215940
316.561060	10.275396
317.317991	11.378915
318.074888	9.226283
318.831748	8.513279
319.588574	10.876074
320.345363	9.248090
321.102118	11.426669
321.858836	10.521090
322.615520	11.067614
323.372167	8.896435
324.128780	4.544652
324.885356	11.469219
325.641897	8.205426
326.398402	7.488572
327.154872	12.255432
327.911306	10.621175
328.667705	10.081802
329.424067	11.007312
330.180394	8.260402
330.936686	10.285744
331.692941	9.189995
332.449161	10.852242
333.205345	12.519732
333.961493	9.215650
334.717606	14.760184
335.473682	12.742996
336.229723	12.202100
336.985728	10.918817
337.741697	13.523622
338.497631	11.682619
339.253528	12.622174
340.009389	6.315728
340.765215	11.896902
341.521004	12.278323
342.276758	8.752772
343.032476	14.545120
343.788157	13.447606
344.543803	13.473238
345.299412	11.624938
346.054986	11.463175
346.810523	12.431707
347.566025	16.811103
348.321490	11.934462
349.076919	15.015648
349.832312	12.778273
350.587669	15.123191
351.342990	13.064813
352.098274	13.308196
352.853523	15.681908
353.608735	17.295913
354.363911	15.406327
355.119051	16.630004
355.874154	19.621650
356.629221	14.556755
357.384252	15.773552
358.139246	15.216994
358.894205	14.858962
359.649126	16.089475
360.404012	18.530882
361.158861	20.792710
361.913674	22.459416
362.668450	19.096216
363.423190	19.734103
364.177893	13.900016
364.932560	19.725126
365.687191	22.509838
366.441785	17.246156
367.196342	12.995105
367.950863	18.126454
368.705348	17.849439
369.459795	18.153918
370.214207	22.955599
370.968581	19.304060
371.722919	22.473875
372.477221	21.941831
373.231486	24.469875
373.985714	22.971608
374.739905	19.230672
375.494060	22.649905
376.248178	24.341202
377.002259	20.836296
377.756304	26.707868
378.510312	22.134643
379.264283	25.190452
380.018217	31.232320
380.772114	23.728532
381.525975	28.650999
382.279799	27.400786
383.033586	28.773444
383.787336	29.788109
384.541049	30.110203
385.294725	29.414463
386.048365	31.100048
386.801967	36.133867
387.555532	32.092781
388.309061	37.745333
389.062552	40.205249
389.816007	36.394015
390.569424	42.467194
391.322804	43.115767
392.076148	46.871222
392.829454	48.037485
393.582723	54.546550
394.335955	56.193996
395.089150	60.904003
395.842308	62.548555
396.595428	65.460785
397.348512	72.067815
398.101558	76.732560
398.854567	86.824086
399.607539	91.461217
400.360473	103.403495
401.113371	110.033293
401.866231	129.627233
402.619054	136.450742
403.371839	158.692375
404.124587	170.729741
404.877298	191.964281
405.629971	211.340070
406.382607	231.230307
407.135206	261.823316
407.887767	295.295171
408.640291	341.338813
409.392777	382.704790
410.145226	432.190160
410.897638	486.298625
411.650012	555.819067
412.402348	633.381043
413.154647	729.896744
413.906909	830.085255
414.659132	950.572115
415.411319	1077.063927
416.163467	1231.521581
416.915578	1412.241776
417.667652	1615.259946
418.419688	1830.660149
419.171686	2085.936029
419.923646	2379.680477
420.675569	2721.942130
421.427454	3093.992926
422.179302	3488.192451
422.931111	3950.024938
423.682883	4462.786808
424.434617	5035.999233
425.186314	5633.318848
425.937972	6326.795426
426.689593	7056.237590
427.441176	7784.778170
428.192721	8591.360669
428.944228	9470.431740
429.695697	10347.276907
430.447128	11258.545114
431.198522	12253.658768
431.949877	13225.445693
432.701195	14276.062882
433.452474	15404.279405
434.203716	16593.752683
434.954919	17853.752321
435.706085	19196.340804
436.457212	20734.796941
437.208302	22280.373870
437.959353	24037.660934
438.710367	25836.963562
439.461342	27735.829652
440.212279	29768.154052
440.963178	31847.172497
441.714039	33805.485060
442.464861	35663.408438
443.215646	37369.847839
443.966392	38764.713814
444.717100	39743.457337
445.467770	40431.474762
446.218401	40529.596673
446.968994	40104.188311
447.719549	39173.926273
448.470066	37824.482228
449.220544	35990.661103
449.970984	33969.491511
450.721386	31737.504650
451.471749	29316.050934
452.222074	26952.488926
452.972361	24661.247231
453.722609	22491.234652
454.472818	20523.430285
455.222989	18741.470995
455.973122	17171.126316
456.723216	15807.825369
457.473272	14599.360610
458.223289	13514.176519
458.973268	12534.030571
459.723208	11668.195050
460.473110	10883.287532
461.222973	10116.854459
461.972797	9437.191523
462.722583	8753.255399
463.472330	8086.461082
464.222039	7461.806166
464.971708	6874.269514
465.721339	6291.597555
466.470932	5730.177206
467.220486	5240.547469
467.970001	4773.306724
468.719477	4345.088946
469.468914	3949.085112
470.218313	3600.159514
470.967673	3296.985494
471.716994	3010.555311
472.466276	2780.256579
473.215519	2544.500013
473.964724	2353.211784
474.713890	2172.991809
475.463016	2011.303065
476.212104	1868.635852
476.961153	1734.792463
477.710163	1602.075674
478.459134	1491.901924
479.208066	1381.490285
479.956959	1270.801690
480.705813	1178.382546
481.454628	1094.045659
482.203404	998.897948
482.952140	933.271209
483.700838	851.549219
484.449497	786.458086
485.198116	726.484139
485.946697	670.223722
486.695238	633.640624
487.443740	570.220488
488.192203	526.185403
488.940627	491.864510
489.689011	455.576824
490.437356	426.129860
491.185662	399.084008
491.933929	381.738229
492.682157	347.424766
493.430345	329.254332
494.178494	310.382562
494.926603	295.682604
495.674673	276.717975
496.422704	272.893937
497.170696	248.401577
497.918648	240.466073
498.666560	228.147577
499.414433	214.137052
500.162267	207.994674
500.910061	202.378850
501.657816	190.135667
502.405532	186.642803
503.153207	179.486250
503.900844	175.956396
504.648440	167.003138
505.395997	163.185313
506.143515	160.589426
506.890993	157.912836
507.638431	155.950115
508.385830	150.384180
509.133189	144.623789
509.880509	146.310055
510.627788	141.592842
511.375028	143.999340
512.122229	143.071980
512.869389	140.690457
513.616510	135.427608
514.363591	135.888323
515.110633	136.174268
515.857634	135.922439
516.604596	134.395200
517.351518	135.165618
518.098400	133.553654
518.845242	130.622976
519.592044	132.298145
520.338807	134.490945
521.085529	124.691827
521.832212	130.194812
522.578854	128.051235
523.325457	127.477525
524.072020	129.618783
524.818542	127.991805
525.565025	130.845164
526.311468	126.239613
527.057870	132.073517
527.804233	128.756810
528.550555	123.328613
529.296838	124.324539
530.043080	127.202245
530.789282	127.994578
531.535444	132.711829
532.281566	128.339266
533.027648	133.422161
533.773689	127.594672
534.519691	132.752418
535.265652	133.010773
536.011572	134.106984
536.757453	131.672075
537.503293	130.839757
538.249093	133.143095
538.994853	129.142916
539.740572	136.283726
540.486251	138.533706
541.231890	135.795699
541.977488	136.418867
542.723046	140.363098
543.468563	142.104362
544.214040	138.709226
544.959477	147.905283
545.704873	139.915164
546.450229	146.999009
547.195544	145.605601
547.940818	143.832544
548.686053	146.135048
549.431246	151.873747
550.176399	153.760012
550.921512	159.537834
551.666584	156.014901
552.411615	158.542978
553.156605	162.475973
553.901555	158.432976
554.646465	167.189555
555.391333	173.548632
556.136161	170.873322
556.880949	171.536280
557.625695	179.613844
558.370401	182.075766
559.115066	180.774326
559.859690	183.277210
560.604274	191.168248
561.348816	190.219779
562.093318	195.520060
562.837779	196.731595
563.582199	203.385927
564.326579	204.637270
565.070917	204.175591
565.815215	207.866976
566.559471	210.467313
567.303687	211.661459
568.047861	220.958330
568.791995	213.149441
569.536088	220.697423
570.280140	225.915206
571.024150	232.346285
571.768120	225.349155
572.512048	230.491500
573.255936	236.748386
573.999782	237.158676
574.743588	237.871480
575.487352	243.170011
576.231075	246.447859
576.974757	246.131079
577.718398	241.926221
578.461997	250.904169
579.205555	248.745361
579.949073	251.517150
580.692548	253.606922
581.435983	254.629877
582.179376	257.931668
582.922728	262.078960
583.666039	256.796001
584.409309	259.510545
585.152537	263.427978
585.895723	260.206790
586.638869	262.799160
587.381973	263.725355
588.125035	259.980922
588.868057	263.018908
589.611036	258.756188
590.353975	263.736179
591.096871	263.967216
591.839727	259.457674
592.582540	267.486614
593.325313	256.618279
594.068044	260.873408
594.810733	263.618673
595.553380	260.161655
596.295986	259.111234
597.038551	253.977715
597.781074	263.704461
598.523555	252.831373
599.265994	258.261973
600.008392	253.697292
600.750748	257.587034
601.493063	252.417326
602.235336	252.543456
602.977567	247.105117
603.719756	246.529106
604.461903	243.660922
605.204009	245.100267
605.946073	245.262077
606.688095	240.968103
607.430075	238.695943
608.172014	235.756067
608.913910	233.852573
609.655765	234.293077
610.397578	230.253103
611.139349	224.519639
611.881078	223.272528
612.622765	220.069345
613.364409	222.649852
614.106012	219.975304
614.847573	214.979710
615.589092	209.891585
616.330569	206.353262
617.072004	211.509554
617.813397	206.223811
618.554748	202.489836
619.296057	199.828166
620.037323	195.387730
620.778547	195.812356
621.519730	195.810126
622.260870	189.953424
623.001968	184.613694
623.743023	184.715612
624.484037	181.298438
625.225008	181.246296
625.965937	174.089739
626.706824	176.251267
627.447668	173.002511
628.188470	171.511914
628.929230	165.309174
629.669948	163.963942
630.410623	163.253020
631.151256	161.078827
631.891846	158.031302
632.632394	155.371404
633.372900	152.583848
634.113363	151.064115
634.853784	149.537794
635.594162	146.094233
636.334498	138.918737
637.074791	140.076472
637.815042	139.047810
638.555250	136.837658
639.295415	133.029357
640.035539	131.387972
640.775619	128.272035
641.515657	124.985040
642.255652	124.430453
642.995605	125.848873
643.735515	123.811806
644.475382	118.023599
645.215207	118.729382
645.954989	116.350668
646.694728	114.217331
647.434425	113.267082
648.174079	110.141737
648.913690	110.490635
649.653258	107.442024
650.392783	102.867900
651.132266	102.603477
651.871706	102.861661
652.611103	97.940496
653.350457	97.208683
654.089768	99.451234
654.829036	96.376288
655.568262	92.067685
656.307444	94.290605
657.046584	91.612886
657.785680	92.360605
658.524734	87.251488
659.263745	82.692973
660.002712	85.940481
660.741637	79.482620
661.480518	84.400324
662.219357	78.892167
662.958152	83.143620
663.696904	77.212296
664.435613	76.641393
665.174279	81.464001
665.912902	76.879599
666.651482	76.445905
667.390019	74.617761
668.128512	71.677597
668.866962	73.896999
669.605369	70.824757
670.343733	66.769840
671.082053	67.756786
671.820330	65.100022
672.558564	65.247256
673.296755	59.749596
674.034902	63.570812
674.773006	60.462052
675.511066	59.759280
676.249083	58.920975
676.987057	61.806456
677.724987	55.677573
678.462874	52.676513
679.200718	56.011719
679.938518	56.903256
680.676274	51.696398
681.413987	51.840934
682.151656	51.118550
682.889282	51.134363
683.626865	48.223905
684.364404	49.884947
685.101899	45.950649
685.839351	50.185197
686.576759	47.884512
687.314123	42.705250
688.051444	41.853481
688.788721	42.199038
689.525955	43.446198
690.263144	43.151668
691.000291	43.910638
691.737393	42.499777
692.474452	41.061595
693.211466	39.910871
693.948437	42.158422
694.685365	36.178725
695.422248	35.304697
696.159088	34.733922
696.895884	37.903310
697.632636	35.455788
698.369344	31.589750
699.106008	33.031733
699.842628	30.241672
700.579204	35.595756
701.315737	32.474160
702.052225	33.104972
702.788670	32.473725
703.525070	31.210822
704.261427	31.512177
704.997739	29.462852
705.734008	29.615601
706.470232	31.187101
707.206412	27.438810
707.942548	28.089897
708.678641	28.437453
709.414689	25.961050
710.150692	25.849631
710.886652	29.375538
711.622567	21.207738
712.358439	25.540460
713.094266	24.970253
713.830049	24.079683
714.565787	24.146682
715.301482	24.380648
716.037132	22.850981
716.772738	25.353836
717.508299	21.561561
718.243816	20.512057
718.979289	21.419391
719.714718	19.219356
720.450102	21.786534
721.185441	18.406131
721.920737	17.479403
722.655988	21.106877
723.391194	21.547315
724.126356	24.655633
724.861474	20.826545
725.596547	19.842252
726.331575	21.136160
727.066559	19.130026
727.801499	18.115262
728.536394	16.744476
729.271244	12.022486
730.006050	21.393670
730.740811	12.464611
731.475527	14.046623
732.210199	13.572983
732.944827	15.587683
733.679409	17.788433
734.413947	13.255297
735.148440	14.517600
735.882889	13.841685
736.617292	11.987211
737.351651	16.003998
738.085965	15.494052
738.820235	14.803608
739.554459	13.619212
740.288639	13.898758
741.022774	13.398749
741.756864	14.695864
742.490909	10.142347
743.224910	14.461325
743.958865	12.870674
744.692776	15.542256
745.426641	16.896690
746.160462	12.592462
746.894238	7.752514
747.627968	11.042597
748.361654	16.418716
749.095295	17.616362
749.828890	11.702441
750.562441	13.098058
751.295946	8.729807
752.029407	9.731190
752.762822	10.912216
753.496192	13.861813
754.229517	11.955262
754.962797	13.003815
755.696032	11.887800
756.429221	8.115028
757.162366	13.260928
757.895465	14.109432
758.628519	11.788808
759.361527	9.823834
760.094491	8.026736
760.827409	3.812568
761.560281	12.666049
762.293109	15.156570
763.025891	9.540417
763.758628	9.135994
764.491319	9.751579
765.223965	7.728862
765.956566	7.153678
766.689121	7.191580
767.421631	12.561553
768.154095	7.824812
768.886514	11.337144
769.618887	11.388976
770.351215	9.779600
771.083498	10.239550
771.815734	12.543156
772.547926	5.857496
773.280071	7.967848
774.012171	8.238594
774.744226	6.794304
775.476235	10.426573
776.208198	8.287785
776.940116	11.500742
777.671988	8.126938
778.403814	9.899987
779.135594	3.676665
779.867329	9.525745
780.599018	11.035329
781.330662	8.917824
782.062259	11.166379
782.793811	5.730470
783.525317	5.521633
784.256777	6.851902
784.988192	4.860922
785.719560	7.573867
786.450883	8.975148
787.182160	10.364550
787.913391	10.393355
788.644576	8.817381
789.375715	9.294352
790.106808	7.527769
790.837855	9.197868
791.568856	10.866978
792.299811	15.263035
793.030720	3.697936
793.761583	3.478858
794.492400	8.419313
795.223171	5.889750
795.953896	7.560963
796.684575	5.424828
797.415208	10.633518
798.145794	7.601613
798.876335	3.360875
799.606829	8.242147
800.337277	3.404554
801.067679	5.105081
801.798035	5.107582
802.528344	2.206986
803.258607	7.443399
803.988824	7.025262
804.718995	4.780242
805.449119	9.789051
806.179197	8.783401
806.909229	8.090995
807.639214	8.180464
808.369153	7.481116
809.099046	8.767046
809.828892	8.991055
810.558692	5.904052
811.288445	8.773911
812.018152	7.298749
812.747813	8.691962
813.477427	5.287838
814.206994	14.996882
814.936515	2.880107
815.665989	7.870797
816.395417	5.577965
817.124799	9.399103
817.854133	7.548554
818.583422	10.988000
819.312663	3.197296
820.041858	8.001072
820.771006	9.421223
821.500108	6.809310
822.229163	8.775658
822.958171	12.042998
823.687133	10.086614
824.416048	1.628338
825.144916	7.103769
825.873737	12.732625
826.602511	6.151706
827.331239	6.435365
828.059920	3.058012
828.788554	1.657808
829.517141	3.874133
830.245682	5.314925
830.974175	7.377211
831.702622	8.542500
832.431022	1.416271
833.159374	5.615114
833.887680	4.759351
834.615939	12.401418
835.344151	5.423660
836.072316	5.483049
836.800434	8.385104
837.528505	3.441922
838.256529	5.124362
838.984505	9.388365
839.712435	9.222538
840.440318	0.877580
841.168153	5.301878
841.895941	4.690230
842.623683	4.643694
843.351377	5.488085
844.079024	7.258380
844.806623	5.298822
845.534176	3.877037
846.261681	1.198726
846.989139	1.789039
847.716550	4.421572
848.443913	6.171803
849.171230	1.776728
849.898498	5.417154
850.625720	6.091872
851.352894	11.318248
852.080021	7.589705
852.807101	0.300526
853.534133	2.696894
854.261117	8.464338
854.988055	3.692228
855.714945	2.802665
856.441787	1.871935
857.168582	0.621179
857.895329	2.457791
858.622029	7.996360
859.348681	5.274430
860.075286	4.418900
860.801844	2.240354
861.528353	9.299619
862.254815	3.504949
862.981230	1.579752
863.707597	4.101046
864.433916	5.437015
865.160188	4.229605
865.886412	6.909932
866.612588	9.576803
867.338716	0.657457
868.064797	-4.571806
868.790830	0.000000
869.516815	10.600205
870.242753	9.418576
870.968643	10.260783
871.694485	-4.457950
872.420279	6.490125
873.146025	1.019318
873.871723	5.766509
874.597374	4.795066
875.322977	2.788371
876.048531	2.827602
876.774038	4.620309
877.499497	5.292831
878.224908	4.886270
878.950271	4.871720
879.675586	5.975770
880.400853	8.199691
881.126072	9.355598
881.851243	14.420384
882.576366	5.005343
883.301440	-2.823382
884.026467	6.660535
884.751446	1.410384
885.476376	8.976640
886.201258	6.187886
886.926093	-0.731073
887.650879	5.453481
888.375616	5.039422
889.100306	10.033212
889.824947	1.083053
890.549541	6.620587
891.274086	5.606443
891.998582	4.522476
892.723031	6.385589
893.447431	-1.854921
894.171782	-2.202974
894.896086	4.049420
895.620341	10.128596
896.344547	8.794933
897.068706	9.263491
897.792816	8.085452
898.516877	0.761625
899.240890	3.376005
899.964855	5.630371
900.688771	2.660772
901.412638	5.815326
902.136457	10.648992
902.860228	5.129739
903.583950	6.630551
904.307624	-3.082486
905.031249	-2.679951
905.754825	1.157971
906.478353	12.588592
907.201832	-3.602572
907.925262	10.895197
908.648644	4.801685
909.371977	4.724388
910.095262	6.226933
910.818498	3.891330
911.541685	-4.741294
912.264823	9.286425
912.987913	1.636424
913.710953	0.820408
914.433945	14.962571
915.156889	5.959286
915.879783	5.141984
916.602629	1.197684
917.325425	4.084469
918.048173	3.747681
918.770872	8.834146
919.493522	1.672221
920.216123	5.338328
920.938676	4.054241
921.661179	4.891343
922.383633	1.251412
923.106039	3.845553
923.828395	5.649675
924.550702	9.537053
925.272961	5.131085
925.995170	13.927271
926.717330	1.270902
927.439441	-4.748038
928.161503	-2.660375
928.883516	5.403862
929.605480	14.945202
930.327394	8.090044
931.049260	3.117094
931.771076	2.687636
932.492843	9.189850
933.214561	9.498820
933.936229	0.975025
934.657849	8.911422
935.379419	-2.994288
936.100939	7.624215
936.822411	3.163780
937.543833	-8.377816
938.265206	0.587752
938.986529	1.215250
939.707804	-3.103976
940.429028	15.065414
941.150204	7.082092
941.871330	0.669488
942.592406	9.006881
943.313433	1.394707
944.034411	10.311462
944.755339	12.790540
945.476218	5.381891
946.197047	10.314342
946.917826	15.282962
947.638556	-3.426165
948.359237	-6.600047
949.079868	0.000000
949.800449	6.442928
950.520981	7.856635
951.241463	15.054137
951.961895	3.802245
952.682278	1.227386
953.402611	2.449281
954.122894	-3.730651
954.843128	-5.555182
955.563312	13.212780
956.283446	-4.723698
957.003530	3.597065
957.723565	10.239506
