198.056508	74.864229
198.818765	60.395912
199.580988	49.538401
200.343178	23.362875
201.105336	42.295829
201.867460	47.887257
202.629552	44.738864
203.391611	47.743432
204.153637	45.837620
204.915629	51.213330
205.677589	33.885182
206.439516	31.071558
207.201410	34.087154
207.963271	30.953317
208.725099	24.810269
209.486893	24.669417
210.248655	25.376384
211.010384	34.853003
211.772079	26.645223
212.533741	33.207611
213.295371	22.257121
214.056967	28.196198
214.818529	28.992756
215.580059	30.814438
216.341555	28.282800
217.103019	26.889564
217.864449	26.899872
218.625845	22.641281
219.387209	19.223400
220.148539	18.158315
220.909836	20.206864
221.671099	15.878053
222.432329	10.849813
223.193526	21.529718
223.954690	21.912002
224.715820	20.056327
225.476916	17.987410
226.237979	17.297920
226.999009	16.867627
227.760006	15.681122
228.520968	15.014360
229.281898	13.888541
230.042793	12.118397
230.803656	19.317071
231.564484	15.096788
232.325280	12.786112
233.086041	11.014391
233.846769	13.322153
234.607464	15.927368
235.368124	15.595990
236.128752	12.697463
236.889345	12.862143
237.649905	13.951923
238.410431	13.426590
239.170923	12.045153
239.931382	12.806865
240.691807	12.871190
241.452198	11.562230
242.212556	12.505958
242.972879	14.805234
243.733169	12.688965
244.493425	9.425114
245.253647	11.896050
246.013835	10.849917
246.773990	14.310796
247.534110	11.951237
248.294197	13.089455
249.054250	11.253531
249.814268	10.253839
250.574253	11.741795
251.334204	14.890428
252.094121	16.393271
252.854004	18.903241
253.613853	14.120600
254.373667	17.815875
255.133448	20.703040
255.893195	19.763513
256.652907	16.974100
257.412586	16.873650
258.172230	18.642635
258.931840	21.456994
259.691416	24.827147
260.450958	21.531625
261.210466	25.998690
261.969939	24.078268
262.729378	25.302283
263.488783	27.783474
264.248154	28.520240
265.007490	28.553156
265.766793	28.763959
266.526061	31.525963
267.285294	32.121548
268.044493	32.716238
268.803658	31.261625
269.562789	31.279902
270.321885	34.866432
271.080946	32.983283
271.839974	31.444479
272.598966	30.445400
273.357925	36.325346
274.116849	29.675477
274.875738	37.823061
275.634593	37.833116
276.393413	34.712586
277.152199	34.271141
277.910951	33.623993
278.669667	34.113059
279.428350	31.148257
280.186997	31.818794
280.945610	33.429405
281.704188	30.293696
282.462732	26.615470
283.221241	28.424285
283.979715	30.978354
284.738155	31.462486
285.496559	29.509818
286.254930	29.232866
287.013265	29.309901
287.771566	24.198189
288.529831	31.624023
289.288062	30.745680
290.046259	28.789607
290.804420	25.598353
291.562546	29.857509
292.320638	28.509915
293.078695	25.557515
293.836717	27.290202
294.594703	24.178716
295.352655	30.725908
296.110572	31.534072
296.868455	24.164344
297.626302	26.051017
298.384114	29.702719
299.141891	24.171348
299.899633	27.474517
300.657340	24.621632
301.415012	23.015626
302.172648	22.826453
302.930250	25.104894
303.687817	22.652735
304.445348	28.994411
305.202844	24.980058
305.960306	25.192911
306.717732	24.887473
307.475122	28.128070
308.232478	26.421544
308.989798	25.942871
309.747083	28.118865
310.504333	19.062927
311.261548	20.858678
312.018727	25.322292
312.775871	29.623563
313.532979	25.016880
314.290052	22.734854
315.047090	24.398686
315.804093	28.238020
316.561060	25.237814
317.317991	28.176361
318.074888	30.030645
318.831748	25.358704
319.588574	24.108631
320.345363	30.826967
321.102118	28.475985
321.858836	26.665521
322.615520	26.308264
323.372167	27.960225
324.128780	29.631134
324.885356	25.487154
325.641897	28.992505
326.398402	23.196309
327.154872	28.169203
327.911306	24.904823
328.667705	25.296159
329.424067	24.216086
330.180394	23.679821
330.936686	27.734774
331.692941	29.224184
332.449161	24.831400
333.205345	26.328259
333.961493	27.094011
334.717606	21.402267
335.473682	30.287700
336.229723	29.580848
336.985728	26.649317
337.741697	25.565204
338.497631	27.444883
339.253528	27.471790
340.009389	24.891398
340.765215	28.069254
341.521004	31.067878
342.276758	26.817005
343.032476	25.547198
343.788157	28.389390
344.543803	27.507860
345.299412	27.187355
346.054986	26.684768
346.810523	26.558647
347.566025	25.688877
348.321490	25.005539
349.076919	26.800081
349.832312	28.417355
350.587669	26.226294
351.342990	27.090274
352.098274	27.966498
352.853523	26.717324
353.608735	28.178734
354.363911	28.082419
355.119051	30.716595
355.874154	22.172464
356.629221	25.572677
357.384252	24.054667
358.139246	27.272015
358.894205	26.349894
359.649126	28.404877
360.404012	31.084061
361.158861	27.390396
361.913674	30.480636
362.668450	27.940779
363.423190	30.205260
364.177893	26.994233
364.932560	23.146832
365.687191	29.745144
366.441785	31.684799
367.196342	25.790286
367.950863	29.679578
368.705348	29.352411
369.459795	28.612154
370.214207	25.898624
370.968581	22.813888
371.722919	24.023797
372.477221	27.715997
373.231486	29.631490
373.985714	23.351304
374.739905	28.846008
375.494060	26.393691
376.248178	25.827687
377.002259	28.765152
377.756304	21.585811
378.510312	25.944704
379.264283	25.910179
380.018217	30.339968
380.772114	24.436847
381.525975	27.772134
382.279799	23.735713
383.033586	18.373404
383.787336	23.072870
384.541049	21.042926
385.294725	18.872864
386.048365	19.099486
386.801967	26.890320
387.555532	24.738185
388.309061	29.265104
389.062552	26.472592
389.816007	25.689893
390.569424	28.694050
391.322804	22.537787
392.076148	22.947369
392.829454	24.018742
393.582723	24.117021
394.335955	22.606780
395.089150	21.751430
395.842308	23.958187
396.595428	27.596213
397.348512	24.503057
398.101558	25.897239
398.854567	22.344434
399.607539	21.988934
400.360473	25.135003
401.113371	22.864061
401.866231	23.294869
402.619054	19.922125
403.371839	25.239344
404.124587	21.557580
404.877298	22.759461
405.629971	26.143549
406.382607	25.917779
407.135206	23.504947
407.887767	22.344984
408.640291	26.911171
409.392777	25.739710
410.145226	26.570326
410.897638	26.174713
411.650012	23.953773
412.402348	26.314822
413.154647	27.145547
413.906909	24.191920
414.659132	29.243735
415.411319	30.807605
416.163467	32.503063
416.915578	35.380687
417.667652	31.540491
418.419688	34.395299
419.171686	39.730708
419.923646	38.101956
420.675569	38.529105
421.427454	47.988104
422.179302	45.157884
422.931111	52.904056
423.682883	56.556551
424.434617	54.734450
425.186314	65.777462
425.937972	69.067647
426.689593	77.285972
427.441176	84.321349
428.192721	92.724654
428.944228	104.153750
429.695697	116.495109
430.447128	129.341424
431.198522	143.948594
431.949877	157.674654
432.701195	170.255350
433.452474	189.277275
434.203716	200.979040
434.954919	224.830716
435.706085	240.510046
436.457212	250.270855
437.208302	259.145408
437.959353	274.760407
438.710367	287.332116
439.461342	291.569963
440.212279	289.129204
440.963178	285.902789
441.714039	290.053543
442.464861	288.507665
443.215646	281.600631
443.966392	263.534970
444.717100	253.398909
445.467770	245.284457
446.218401	238.273201
446.968994	222.216767
447.719549	224.533143
448.470066	218.912490
449.220544	214.498880
449.970984	210.752332
450.721386	210.626719
451.471749	203.997966
452.222074	199.641362
452.972361	197.386931
453.722609	192.471236
454.472818	182.373491
455.222989	179.398097
455.973122	175.193424
456.723216	164.283823
457.473272	155.210840
458.223289	154.964522
458.973268	152.465767
459.723208	143.793717
460.473110	137.827216
461.222973	134.678942
461.972797	130.915901
462.722583	123.893629
463.472330	123.449713
464.222039	121.503540
464.971708	115.288030
465.721339	116.004364
466.470932	106.382824
467.220486	108.356474
467.970001	107.800189
468.719477	104.086799
469.468914	102.026314
470.218313	96.197067
470.967673	98.929678
471.716994	95.635022
472.466276	94.605866
473.215519	87.295267
473.964724	86.142118
474.713890	78.960823
475.463016	81.074615
476.212104	73.786709
476.961153	73.903715
477.710163	71.510034
478.459134	76.395213
479.208066	70.109221
479.956959	68.698760
480.705813	68.410087
481.454628	63.479189
482.203404	67.176982
482.952140	61.618147
483.700838	64.062876
484.449497	63.136251
485.198116	56.976704
485.946697	60.419797
486.695238	57.377397
487.443740	60.677627
488.192203	56.257255
488.940627	55.189034
489.689011	58.200899
490.437356	53.528932
491.185662	59.480053
491.933929	56.047401
492.682157	55.076538
493.430345	52.504044
494.178494	54.830989
494.926603	56.523966
495.674673	56.122739
496.422704	58.269168
497.170696	57.742472
497.918648	59.875086
498.666560	59.836067
499.414433	62.811934
500.162267	66.016743
500.910061	67.897925
501.657816	69.780028
502.405532	73.562023
503.153207	81.487470
503.900844	80.745489
504.648440	87.348204
505.395997	96.067820
506.143515	100.058658
506.890993	109.242686
507.638431	113.931858
508.385830	122.635418
509.133189	129.703219
509.880509	141.260831
510.627788	152.159472
511.375028	163.026985
512.122229	176.812045
512.869389	190.255882
513.616510	203.849222
514.363591	221.276809
515.110633	239.372537
515.857634	258.157417
516.604596	284.559437
517.351518	305.711766
518.098400	332.499223
518.845242	366.349069
519.592044	392.642429
520.338807	426.538887
521.085529	454.873825
521.832212	494.050513
522.578854	541.155654
523.325457	583.837123
524.072020	631.376957
524.818542	686.171331
525.565025	733.537345
526.311468	804.856357
527.057870	853.670586
527.804233	925.146222
528.550555	998.834622
529.296838	1077.394419
530.043080	1167.785505
530.789282	1260.657178
531.535444	1346.679862
532.281566	1455.364720
533.027648	1570.975517
533.773689	1697.290968
534.519691	1832.137141
535.265652	1962.229258
536.011572	2097.294901
536.757453	2245.847021
537.503293	2408.269274
538.249093	2586.597939
538.994853	2762.894996
539.740572	2946.088711
540.486251	3149.585946
541.231890	3373.079424
541.977488	3599.523615
542.723046	3821.579238
543.468563	4085.531535
544.214040	4340.396373
544.959477	4597.152772
545.704873	4889.298586
546.450229	5185.499918
547.195544	5507.146281
547.940818	5805.835065
548.686053	6148.118798
549.431246	6520.183538
550.176399	6867.907625
550.921512	7255.723994
551.666584	7640.618301
552.411615	8058.449591
553.156605	8465.743058
553.901555	8872.710255
554.646465	9306.153978
555.391333	9743.351669
556.136161	10209.480159
556.880949	10662.502763
557.625695	11159.038833
558.370401	11604.303089
559.115066	12080.018789
559.859690	12605.335769
560.604274	13079.637752
561.348816	13632.646792
562.093318	14141.735916
562.837779	14637.984556
563.582199	15151.267660
564.326579	15630.361954
565.070917	16118.457447
565.815215	16492.025741
566.559471	17053.594518
567.303687	17690.683578
568.047861	18215.392853
568.791995	18678.678472
569.536088	19215.660697
570.280140	19706.757235
571.024150	20136.151678
571.768120	20631.057301
572.512048	21119.167840
573.255936	21567.345265
573.999782	21976.952570
574.743588	22447.122005
575.487352	22891.249049
576.231075	23257.286995
576.974757	23677.353805
577.718398	23993.179282
578.461997	24364.518579
579.205555	24739.462647
579.949073	25063.761150
580.692548	25381.718653
581.435983	25661.852579
582.179376	26035.399448
582.922728	26219.081504
583.666039	26522.073478
584.409309	26810.560780
585.152537	26939.238464
585.895723	27148.460035
586.638869	27300.048548
587.381973	27546.906777
588.125035	27698.724215
588.868057	27776.764354
589.611036	27872.225066
590.353975	28002.962208
591.096871	28108.644025
591.839727	28238.079877
592.582540	28192.958263
593.325313	28273.634600
594.068044	28316.135459
594.810733	28345.084802
595.553380	28342.585928
596.295986	28303.814893
597.038551	28275.269650
597.781074	28249.880173
598.523555	28169.628831
599.265994	28057.402837
600.008392	28012.758050
600.750748	27953.224642
601.493063	27824.015340
602.235336	27640.202940
602.977567	27544.079233
603.719756	27419.471714
604.461903	27263.944561
605.204009	27121.366895
605.946073	26902.321196
606.688095	26784.491840
607.430075	26580.708770
608.172014	26394.468077
608.913910	26240.064415
609.655765	26055.949729
610.397578	25810.703488
611.139349	25615.890142
611.881078	25376.090633
612.622765	25137.004501
613.364409	24901.549228
614.106012	24652.065188
614.847573	24404.113765
615.589092	24152.914378
616.330569	23878.798454
617.072004	23691.540909
617.813397	23385.311500
618.554748	23093.817993
619.296057	22904.073013
620.037323	22605.708693
620.778547	22311.914558
621.519730	22041.853012
622.260870	21774.686803
623.001968	21511.369632
623.743023	21243.772086
624.484037	20932.456589
625.225008	20686.120620
625.965937	20426.899780
626.706824	20141.623795
627.447668	19868.024736
628.188470	19555.587240
628.929230	19301.837788
629.669948	19032.045961
630.410623	18750.578915
631.151256	18438.507682
631.891846	18145.541579
632.632394	17948.110751
633.372900	17651.228763
634.113363	17387.111141
634.853784	17111.687486
635.594162	16772.820452
636.334498	16578.063965
637.074791	16310.983825
637.815042	16002.139362
638.555250	15770.215517
639.295415	15526.649764
640.035539	15225.447312
640.775619	14983.301643
641.515657	14774.942050
642.255652	14476.157104
642.995605	14238.919987
643.735515	13940.837754
644.475382	13729.590811
645.215207	13436.830947
645.954989	13224.657650
646.694728	12990.746742
647.434425	12731.596196
648.174079	12544.039711
648.913690	12308.171044
649.653258	12079.186442
650.392783	11880.565688
651.132266	11657.354377
651.871706	11450.212729
652.611103	11227.566989
653.350457	10976.559763
654.089768	10787.805971
654.829036	10603.025132
655.568262	10427.210083
656.307444	10209.819433
657.046584	10050.697079
657.785680	9829.242062
658.524734	9649.277258
659.263745	9474.017736
660.002712	9293.751433
660.741637	9094.182118
661.480518	8888.657915
662.219357	8718.271690
662.958152	8496.617220
663.696904	8303.768798
664.435613	8154.506123
665.174279	7990.249239
665.912902	7817.893348
666.651482	7631.548942
667.390019	7486.092875
668.128512	7322.945177
668.866962	7197.567703
669.605369	7031.347729
670.343733	6862.035831
671.082053	6719.986130
671.820330	6579.320406
672.558564	6444.822412
673.296755	6310.150596
674.034902	6162.121261
674.773006	6046.205220
675.511066	5919.583536
676.249083	5809.066044
676.987057	5648.995622
677.724987	5566.035333
678.462874	5417.333236
679.200718	5312.162960
679.938518	5201.942184
680.676274	5070.893832
681.413987	4972.506628
682.151656	4852.610925
682.889282	4728.097136
683.626865	4631.700222
684.364404	4573.032771
685.101899	4455.434218
685.839351	4370.579707
686.576759	4284.167433
687.314123	4179.099715
688.051444	4102.396636
688.788721	4030.463495
689.525955	3952.536918
690.263144	3851.362897
691.000291	3803.183283
691.737393	3699.944372
692.474452	3610.641791
693.211466	3522.521134
693.948437	3453.580764
694.685365	3380.304095
695.422248	3322.063128
696.159088	3230.410550
696.895884	3157.049368
697.632636	3085.746932
698.369344	2998.680458
699.106008	2968.472657
699.842628	2877.659599
700.579204	2814.416906
701.315737	2758.891680
702.052225	2707.390474
702.788670	2654.217190
703.525070	2583.126801
704.261427	2512.978533
704.997739	2464.379542
705.734008	2415.473464
706.470232	2349.689466
707.206412	2313.013286
707.942548	2257.705872
708.678641	2208.851667
709.414689	2153.823153
710.150692	2107.533009
710.886652	2058.024923
711.622567	2014.893358
712.358439	1976.292271
713.094266	1920.164773
713.830049	1858.600706
714.565787	1823.794079
715.301482	1800.799573
716.037132	1748.100031
716.772738	1720.831046
717.508299	1680.666939
718.243816	1640.801734
718.979289	1605.800283
719.714718	1559.724660
720.450102	1521.921440
721.185441	1489.404222
721.920737	1472.930984
722.655988	1435.435178
723.391194	1393.505275
724.126356	1380.377711
724.861474	1352.370820
725.596547	1318.577023
726.331575	1285.385319
727.066559	1265.826962
727.801499	1231.837830
728.536394	1196.034000
729.271244	1174.768632
730.006050	1145.424014
730.740811	1124.584922
731.475527	1102.052960
732.210199	1067.741314
732.944827	1048.052720
733.679409	1035.779951
734.413947	1019.420746
735.148440	983.478865
735.882889	960.222532
736.617292	947.526426
737.351651	909.710392
738.085965	919.734157
738.820235	888.216456
739.554459	874.171853
740.288639	846.178357
741.022774	828.152784
741.756864	819.110720
742.490909	794.606747
743.224910	790.737824
743.958865	768.696311
744.692776	762.694095
745.426641	744.017583
746.160462	725.476192
746.894238	703.776975
747.627968	706.535806
748.361654	677.367484
749.095295	664.060270
749.828890	640.181092
750.562441	642.190079
751.295946	630.680021
752.029407	613.259594
752.762822	598.418131
753.496192	599.181739
754.229517	579.536220
754.962797	574.532190
755.696032	557.735950
756.429221	542.915133
757.162366	527.666184
757.895465	519.068133
758.628519	509.716075
759.361527	500.013082
760.094491	500.868326
760.827409	493.025306
761.560281	467.035433
762.293109	466.216093
763.025891	456.722100
763.758628	440.964001
764.491319	440.446327
765.223965	441.358687
765.956566	422.680174
766.689121	410.536453
767.421631	407.941585
768.154095	394.947080
768.886514	389.379381
769.618887	389.710069
770.351215	364.342127
771.083498	373.221134
771.815734	361.451945
772.547926	359.190047
773.280071	344.714249
774.012171	343.908488
774.744226	343.961640
775.476235	330.884096
776.208198	324.073633
776.940116	321.168864
777.671988	318.875399
778.403814	313.571315
779.135594	302.351611
779.867329	301.143432
780.599018	293.409924
781.330662	283.630302
782.062259	284.633180
782.793811	276.164583
783.525317	275.419029
784.256777	271.202706
784.988192	262.489788
785.719560	259.516332
786.450883	253.996688
787.182160	255.959317
787.913391	255.089083
788.644576	243.721463
789.375715	238.479458
790.106808	232.448370
790.837855	230.636540
791.568856	227.975328
792.299811	228.945519
793.030720	214.942530
793.761583	211.050749
794.492400	213.756997
795.223171	205.434480
795.953896	209.816729
796.684575	202.369682
797.415208	199.910138
798.145794	196.454181
798.876335	181.727313
799.606829	191.993551
800.337277	180.684523
801.067679	182.324325
801.798035	185.089050
802.528344	179.991994
803.258607	176.904783
803.988824	173.373420
804.718995	172.843498
805.449119	167.919870
806.179197	173.911330
806.909229	164.601184
807.639214	166.932594
808.369153	156.329517
809.099046	162.190355
809.828892	151.049732
810.558692	154.018740
811.288445	147.608146
812.018152	146.756985
812.747813	135.647292
813.477427	144.093585
814.206994	148.653308
814.936515	145.052657
815.665989	144.822665
816.395417	133.074317
817.124799	124.068160
817.854133	137.491512
818.583422	127.032000
819.312663	130.822678
820.041858	129.884069
820.771006	120.322477
821.500108	118.481994
822.229163	120.116813
822.958171	118.514048
823.687133	116.404982
824.416048	115.340623
825.144916	113.387089
825.873737	109.334499
826.602511	123.034120
827.331239	111.639602
828.059920	110.644438
828.788554	109.139053
829.517141	106.261939
830.245682	107.137701
830.974175	106.969565
831.702622	98.238750
832.431022	96.023140
833.159374	95.737694
833.887680	100.786248
834.615939	90.755829
835.344151	90.204033
836.072316	101.869269
836.800434	93.970987
837.528505	92.645056
838.256529	88.252908
838.984505	91.607680
839.712435	84.155656
840.440318	90.098162
841.168153	90.426482
841.895941	80.320196
842.623683	87.649732
843.351377	86.653980
844.079024	80.713186
844.806623	78.010435
845.534176	83.803642
846.261681	80.914005
846.989139	77.823179
847.716550	69.566074
848.443913	74.355536
849.171230	73.734204
849.898498	76.442062
850.625720	73.407058
851.352894	78.615940
852.080021	76.504226
852.807101	69.120865
853.534133	73.115796
854.261117	66.203218
854.988055	70.460025
855.714945	70.689434
856.441787	70.821526
857.168582	76.405066
857.895329	71.890393
858.622029	67.969058
859.348681	64.223944
860.075286	69.124218
860.801844	65.930424
861.528353	65.738683
862.254815	74.241186
862.981230	66.033634
863.707597	62.462090
864.433916	52.451202
865.160188	63.769423
865.886412	62.518436
866.612588	63.735278
867.338716	62.458453
868.064797	56.494465
868.790830	66.021074
869.516815	60.619921
870.242753	59.538853
870.968643	46.515550
871.694485	49.723284
872.420279	55.678436
873.146025	55.382966
873.871723	49.184928
874.597374	52.060714
875.322977	51.584867
876.048531	53.017530
876.774038	46.558500
877.499497	56.104009
878.224908	52.352895
878.950271	56.024780
879.675586	51.321321
880.400853	55.258786
881.126072	47.497652
881.851243	50.831854
882.576366	54.343724
883.301440	44.468260
884.026467	47.675412
884.751446	45.837493
885.476376	53.500774
886.201258	40.767250
886.926093	44.595429
887.650879	53.444114
888.375616	48.954383
889.100306	49.449402
889.824947	41.878065
890.549541	42.666006
891.274086	39.245105
891.998582	46.732252
892.723031	44.699125
893.447431	41.550230
894.171782	45.160963
894.896086	40.126072
895.620341	48.017050
896.344547	42.827501
897.068706	48.633329
897.792816	50.822838
898.516877	35.796366
899.240890	38.636505
899.964855	47.670479
900.688771	39.531471
901.412638	41.482659
902.136457	43.779188
902.860228	43.800078
903.583950	45.243758
904.307624	45.851973
905.031249	36.370769
905.754825	42.844946
906.478353	39.732743
907.201832	35.225150
907.925262	40.756106
908.648644	40.814321
909.371977	29.921124
910.095262	47.869546
910.818498	36.578502
911.541685	33.584163
912.264823	40.375760
912.987913	38.865061
913.710953	34.046940
914.433945	38.013017
915.156889	49.263427
915.879783	38.367108
916.602629	35.930511
917.325425	42.070031
918.048173	34.145538
918.770872	42.067360
919.493522	42.641630
920.216123	27.512920
920.938676	37.704441
921.661179	35.054623
922.383633	26.279663
923.106039	41.446519
923.828395	40.851498
924.550702	30.778670
925.272961	46.607354
925.995170	41.781812
926.717330	34.737980
927.439441	34.962824
928.161503	50.103737
928.883516	33.774135
929.605480	39.853871
930.327394	33.259071
931.049260	41.412826
931.771076	25.532540
932.492843	38.597370
933.214561	44.169513
933.936229	28.763249
934.657849	36.635846
935.379419	35.432408
936.100939	50.319819
936.822411	39.019956
937.543833	48.032815
938.265206	40.554874
938.986529	38.887994
939.707804	29.798174
940.429028	39.546713
941.150204	39.917243
941.871330	62.262365
942.592406	50.577101
943.313433	31.380903
944.034411	43.995571
944.755339	33.659315
945.476218	51.800703
946.197047	48.133596
946.917826	50.711647
947.638556	32.891184
948.359237	55.440395
949.079868	39.133830
949.800449	25.127419
950.520981	47.139811
951.241463	35.999023
951.961895	30.417960
952.682278	44.799574
953.402611	42.250101
954.122894	42.280707
954.843128	45.058695
955.563312	41.440082
956.283446	35.427738
957.003530	47.960864
957.723565	37.946406
