400.210000 70.720893
402.650000 95.863873
405.090000 137.108049
407.530000 192.669839
409.970000 287.120642
412.420000 430.872801
414.860000 661.541290
417.310000 1013.575350
419.760000 1538.816159
422.210000 2321.313351
424.660000 3442.393393
427.110000 4917.963589
429.560000 6706.328871
432.010000 8754.811715
434.460000 11192.411563
436.920000 14254.839547
439.380000 18092.100498
441.830000 22401.790689
444.290000 25749.238847
446.750000 26434.826840
449.210000 23670.864690
451.670000 18863.375373
454.130000 14092.535965
456.590000 10567.170973
459.060000 8195.377979
461.520000 6504.106647
463.990000 5069.800858
466.460000 3821.895776
468.930000 2845.760996
471.390000 2139.558557
473.870000 1665.455495
476.340000 1347.492883
478.810000 1119.292256
481.280000 957.544063
483.760000 856.960935
486.230000 824.589441
488.710000 847.551641
491.190000 938.386734
493.660000 1102.475035
496.140000 1325.575571
498.630000 1620.967438
501.110000 2003.920834
503.590000 2465.896177
506.070000 2991.992415
508.560000 3593.804901
511.040000 4210.096838
513.530000 4819.770559
516.020000 5367.174038
518.510000 5794.113044
521.000000 6034.208098
523.490000 6116.069543
525.980000 6010.504547
528.470000 5754.405371
530.970000 5389.168925
533.460000 4977.797883
535.960000 4538.505509
538.460000 4103.623126
540.950000 3711.466475
543.450000 3347.273384
545.950000 3024.683082
548.460000 2731.445453
550.960000 2484.818166
553.460000 2248.964090
555.970000 2045.800111
558.470000 1870.078399
560.980000 1717.548284
563.490000 1594.728394
565.990000 1465.463672
568.500000 1384.331103
571.010000 1311.720031
573.530000 1233.455907
576.040000 1170.443596
578.550000 1114.909487
581.070000 1065.670966
583.580000 1020.370347
586.100000 979.720852
588.620000 938.904353
591.140000 907.528399
593.660000 868.924562
596.180000 837.547475
598.700000 802.905897
601.220000 774.761821
603.750000 740.931859
606.270000 715.155309
608.800000 682.173943
611.330000 650.866429
613.860000 626.059141
616.380000 592.128308
618.920000 567.625512
621.450000 542.997323
623.980000 513.665973
626.510000 490.041059
629.050000 464.440521
631.580000 442.029255
634.120000 419.200218
636.660000 395.008213
639.200000 373.524081
641.740000 353.354924
644.280000 334.157724
646.820000 316.870714
649.360000 299.555926
651.900000 283.423731
654.450000 268.897530
657.000000 251.839682
659.540000 236.621599
662.090000 223.290814
664.640000 210.912780
667.190000 199.273485
669.740000 187.539507
672.290000 175.186793
674.850000 165.048087
677.400000 155.644320
679.960000 147.896900
682.510000 137.886144
685.070000 128.071171
687.630000 119.244888
690.190000 116.358433
692.750000 108.541997
695.310000 100.989946
697.870000 93.945526
