400.210000 9.784405
402.650000 8.423636
405.090000 8.341342
407.530000 8.610650
409.970000 11.328016
412.420000 11.428770
414.860000 9.598263
417.310000 9.156156
419.760000 9.454792
422.210000 10.683685
424.660000 11.294235
427.110000 13.220569
429.560000 14.860391
432.010000 16.708467
434.460000 19.179497
436.920000 22.840691
439.380000 27.427533
441.830000 36.251908
444.290000 48.084177
446.750000 63.314529
449.210000 82.761481
451.670000 109.944701
454.130000 147.534691
456.590000 196.516259
459.060000 270.379320
461.520000 361.829718
463.990000 489.044692
466.460000 662.779049
468.930000 895.656942
471.390000 1199.381674
473.870000 1594.565660
476.340000 2102.533275
478.810000 2757.794397
481.280000 3598.854989
483.760000 4638.180045
486.230000 5909.555854
488.710000 7413.933145
491.190000 9115.106908
493.660000 10916.713194
496.140000 12707.780486
498.630000 14277.362107
501.110000 15390.443915
503.590000 15953.325707
506.070000 15837.221469
508.560000 15040.058965
511.040000 13783.134898
513.530000 12265.869603
516.020000 10702.687884
518.510000 9248.806084
521.000000 7949.385168
523.490000 6828.336895
525.980000 5845.652250
528.470000 4987.857753
530.970000 4205.491710
533.460000 3516.052245
535.960000 2930.012915
538.460000 2447.781245
540.950000 2049.522886
543.450000 1704.674888
545.950000 1440.384342
548.460000 1213.694956
550.960000 1029.381372
553.460000 863.790447
555.970000 732.565546
558.470000 625.265566
560.980000 544.190846
563.490000 472.505929
565.990000 413.473698
568.500000 378.278554
571.010000 344.988051
573.530000 317.978656
576.040000 294.181265
578.550000 281.204486
581.070000 282.202912
583.580000 280.995384
586.100000 284.180781
588.620000 297.153321
591.140000 321.698455
593.660000 354.352422
596.180000 398.863635
598.700000 466.547959
601.220000 546.352151
603.750000 666.827463
606.270000 806.048861
608.800000 994.868029
611.330000 1240.903276
613.860000 1552.541370
616.380000 1964.020074
618.920000 2486.313569
621.450000 3168.403905
623.980000 4005.798265
626.510000 4970.150334
629.050000 6082.673697
631.580000 7358.223182
634.120000 8722.174923
636.660000 9678.403200
639.200000 9362.912769
641.740000 7453.392943
644.280000 4995.430713
646.820000 3124.084301
649.360000 1963.818588
651.900000 1265.034246
654.450000 826.681244
657.000000 540.832605
659.540000 369.855033
662.090000 267.818269
664.640000 199.969727
667.190000 156.974588
669.740000 124.470113
672.290000 101.517709
674.850000 88.441501
677.400000 74.472007
679.960000 65.123387
682.510000 58.236318
685.070000 50.920251
687.630000 45.055198
690.190000 45.563710
692.750000 40.323473
695.310000 38.264689
697.870000 35.206029
