400.210000 256.222941
402.650000 390.896296
405.090000 624.051220
407.530000 1006.734549
409.970000 1629.802177
412.420000 2636.633871
414.860000 4157.099488
417.310000 6424.638903
419.760000 9558.787582
422.210000 13687.239012
424.660000 18243.067973
427.110000 21723.467414
429.560000 22186.883022
432.010000 19011.741706
434.460000 14190.610292
436.920000 10131.212931
439.380000 7411.741695
441.830000 5564.010387
444.290000 4156.346412
446.750000 3009.129880
449.210000 2143.500681
451.670000 1549.102969
454.130000 1160.269511
456.590000 876.870770
459.060000 673.480856
461.520000 501.845409
463.990000 381.586523
466.460000 295.258639
468.930000 237.453939
471.390000 200.981198
473.870000 178.224174
476.340000 167.614893
478.810000 170.386252
481.280000 182.830833
483.760000 211.699989
486.230000 251.770545
488.710000 308.726960
491.190000 385.614665
493.660000 492.072195
496.140000 621.229326
498.630000 787.172149
501.110000 995.995605
503.590000 1246.660174
506.070000 1535.398330
508.560000 1865.925123
511.040000 2207.348948
513.530000 2545.777386
516.020000 2847.024301
518.510000 3081.692219
521.000000 3211.566858
523.490000 3242.701594
525.980000 3168.971676
528.470000 3008.737427
530.970000 2780.310819
533.460000 2527.521197
535.960000 2259.227641
538.460000 1999.359702
540.950000 1759.695308
543.450000 1539.529596
545.950000 1348.065970
548.460000 1172.700445
550.960000 1022.823225
553.460000 883.646240
555.970000 765.749002
558.470000 659.002238
560.980000 572.399597
563.490000 499.260550
565.990000 431.125634
568.500000 386.709035
571.010000 342.863558
573.530000 305.892042
576.040000 276.010967
578.550000 247.829559
581.070000 228.736811
583.580000 214.099921
586.100000 197.850440
588.620000 187.698512
591.140000 180.752735
593.660000 178.515206
596.180000 177.409830
598.700000 180.807785
601.220000 184.636318
603.750000 199.804154
606.270000 215.597419
608.800000 245.605538
611.330000 281.203464
613.860000 330.365095
616.380000 392.282956
618.920000 479.004349
621.450000 587.376939
623.980000 737.434304
626.510000 922.839590
629.050000 1159.838603
631.580000 1473.667587
634.120000 1865.549424
636.660000 2364.532851
639.200000 2981.319760
641.740000 3745.769656
644.280000 4572.702483
646.820000 5547.980683
649.360000 6754.550695
651.900000 8240.321521
654.450000 9976.324608
657.000000 11738.903305
659.540000 12937.047329
662.090000 12661.307445
664.640000 10158.862416
667.190000 6861.067355
669.740000 4298.594648
672.290000 2714.418001
674.850000 1756.442551
677.400000 1167.021210
679.960000 785.587465
682.510000 540.681602
685.070000 381.721669
687.630000 281.438435
690.190000 209.652748
692.750000 161.451657
695.310000 126.184218
697.870000 99.068760
